              f               x               p             lip             lsp             bip             bsp              p1            lip1            lsp1            bip1            bsp1              p2            lip2            lsp2            bip2            bsp2
      1.0000000       1.9000000       0.0019078       0.0018561       0.0019736       0.0018389       0.0019766       0.0028900       0.0028263       0.0029728       0.0028047       0.0029753       0.0028568       0.0028153       0.0029133       0.0028008       0.0029128
      1.0000000       2.1343434       0.0026663       0.0025985       0.0027531       0.0025760       0.0027566       0.0035955       0.0035224       0.0036916       0.0034973       0.0036938       0.0031640       0.0031240       0.0032195       0.0031087       0.0032193
      1.0000000       2.3686869       0.0035985       0.0035126       0.0037094       0.0034837       0.0037133       0.0043726       0.0042904       0.0044818       0.0042616       0.0044835       0.0034671       0.0034291       0.0035211       0.0034130       0.0035212
      1.0000000       2.6030303       0.0047212       0.0046149       0.0048591       0.0045790       0.0048634       0.0052202       0.0051286       0.0053425       0.0050970       0.0053435       0.0037666       0.0037307       0.0038183       0.0037141       0.0038191
      1.0000000       2.8373737       0.0060506       0.0059222       0.0062187       0.0058782       0.0062230       0.0061377       0.0060369       0.0062726       0.0060026       0.0062728       0.0040628       0.0040293       0.0041118       0.0040123       0.0041134
      1.0000000       3.0717172       0.0076032       0.0074507       0.0078044       0.0073979       0.0078085       0.0071242       0.0070150       0.0072715       0.0069779       0.0072705       0.0043561       0.0043253       0.0044029       0.0043077       0.0044045
      1.0000000       3.3060606       0.0093950       0.0092167       0.0096321       0.0091543       0.0096357       0.0081791       0.0080634       0.0083378       0.0080221       0.0083361       0.0046466       0.0046179       0.0046913       0.0046005       0.0046928
      1.0000000       3.5404040       0.0114419       0.0112353       0.0117177       0.0111634       0.0117205       0.0093018       0.0091804       0.0094701       0.0091349       0.0094687       0.0049346       0.0049082       0.0049769       0.0048908       0.0049785
      1.0000000       3.7747475       0.0137599       0.0135229       0.0140768       0.0134413       0.0140784       0.0104917       0.0103657       0.0106688       0.0103157       0.0106678       0.0052204       0.0051956       0.0052600       0.0051786       0.0052621
      1.0000000       4.0090909       0.0163645       0.0160957       0.0167250       0.0160040       0.0167250       0.0117484       0.0116186       0.0119331       0.0115639       0.0119328       0.0055039       0.0054789       0.0055406       0.0054641       0.0055437
      1.0000000       4.2434343       0.0192714       0.0189695       0.0196778       0.0188670       0.0196757       0.0130712       0.0129384       0.0132624       0.0128792       0.0132632       0.0057855       0.0057604       0.0058201       0.0057471       0.0058238
      1.0000000       4.4777778       0.0224959       0.0221622       0.0229503       0.0220462       0.0229456       0.0144598       0.0143244       0.0146563       0.0142610       0.0146585       0.0060651       0.0060401       0.0060979       0.0060277       0.0061026
      1.0000000       4.7121212       0.0260536       0.0256883       0.0265563       0.0255571       0.0265500       0.0159137       0.0157768       0.0161143       0.0157090       0.0161184       0.0063430       0.0063172       0.0063755       0.0063057       0.0063803
      1.0000000       4.9464646       0.0299595       0.0295629       0.0305098       0.0294152       0.0305039       0.0174325       0.0172951       0.0176359       0.0172227       0.0176423       0.0066192       0.0065922       0.0066500       0.0065812       0.0066573
      1.0000000       5.1808081       0.0342290       0.0338012       0.0348274       0.0336359       0.0348221       0.0190159       0.0188792       0.0192237       0.0188018       0.0192300       0.0068938       0.0068642       0.0069263       0.0068541       0.0069335
      1.0000000       5.4151515       0.0388771       0.0384189       0.0395239       0.0382344       0.0395197       0.0206635       0.0205265       0.0208752       0.0204457       0.0208812       0.0071669       0.0071332       0.0072019       0.0071247       0.0072092
      1.0000000       5.6494949       0.0439187       0.0434312       0.0446139       0.0432261       0.0446113       0.0223748       0.0222380       0.0225897       0.0221541       0.0225956       0.0074386       0.0074007       0.0074748       0.0073929       0.0074843
      1.0000000       5.8838384       0.0493688       0.0488527       0.0501119       0.0486260       0.0501116       0.0241497       0.0240139       0.0243666       0.0239265       0.0243730       0.0077089       0.0076679       0.0077478       0.0076591       0.0077587
      1.0000000       6.1181818       0.0552423       0.0546968       0.0560320       0.0544492       0.0560353       0.0259878       0.0258539       0.0262056       0.0257625       0.0262131       0.0079779       0.0079333       0.0080207       0.0079234       0.0080324
      1.0000000       6.3525253       0.0615539       0.0609804       0.0623891       0.0607107       0.0623970       0.0278887       0.0277556       0.0281065       0.0276617       0.0281158       0.0082456       0.0081957       0.0082928       0.0081858       0.0083054
      1.0000000       6.5868687       0.0683183       0.0677187       0.0691974       0.0674253       0.0692112       0.0298523       0.0297132       0.0300689       0.0296235       0.0300811       0.0085122       0.0084569       0.0085658       0.0084467       0.0085777
      1.0000000       6.8212121       0.0755501       0.0749264       0.0764713       0.0746079       0.0764923       0.0318782       0.0317334       0.0320925       0.0316475       0.0321089       0.0087775       0.0087175       0.0088377       0.0087059       0.0088491
      1.0000000       7.0555556       0.0832640       0.0826185       0.0842250       0.0822732       0.0842548       0.0339661       0.0338161       0.0341788       0.0337331       0.0341991       0.0090418       0.0089767       0.0091087       0.0089638       0.0091199
      1.0000000       7.2898990       0.0914744       0.0908100       0.0924835       0.0904358       0.0925131       0.0361159       0.0359608       0.0363292       0.0358798       0.0363520       0.0093050       0.0092348       0.0093787       0.0092203       0.0093898
      1.0000000       7.5242424       0.1001958       0.0995101       0.1012526       0.0991102       0.1012815       0.0383272       0.0381672       0.0385405       0.0380870       0.0385674       0.0095672       0.0094918       0.0096478       0.0094755       0.0096589
      1.0000000       7.7585859       0.1094427       0.1087343       0.1105455       0.1083109       0.1105744       0.0405998       0.0404306       0.0408139       0.0403541       0.0408456       0.0098284       0.0097477       0.0099160       0.0097295       0.0099273
      1.0000000       7.9929293       0.1192292       0.1185005       0.1203764       0.1180523       0.1204061       0.0429336       0.0427588       0.0431564       0.0426805       0.0431866       0.0100886       0.0100026       0.0101834       0.0099823       0.0101949
      1.0000000       8.2272727       0.1295698       0.1288232       0.1307592       0.1283486       0.1307911       0.0453282       0.0451442       0.0455483       0.0450657       0.0455906       0.0103479       0.0102565       0.0104499       0.0102340       0.0104618
      1.0000000       8.4616162       0.1404787       0.1397170       0.1417079       0.1392138       0.1417435       0.0477834       0.0475895       0.0480052       0.0475093       0.0480576       0.0106063       0.0105094       0.0107156       0.0104847       0.0107280
      1.0000000       8.6959596       0.1519700       0.1511964       0.1532363       0.1506621       0.1532779       0.0502991       0.0500899       0.0505344       0.0500107       0.0505876       0.0108639       0.0107615       0.0109805       0.0107343       0.0109934
      1.0000000       8.9303030       0.1640579       0.1632718       0.1653583       0.1627073       0.1654086       0.0528751       0.0526423       0.0531270       0.0525696       0.0531807       0.0111205       0.0110126       0.0112447       0.0109829       0.0112582
      1.0000000       9.1646465       0.1767566       0.1759240       0.1780877       0.1753631       0.1781501       0.0555111       0.0552536       0.0557820       0.0551857       0.0558366       0.0113764       0.0112629       0.0115081       0.0112306       0.0115222
      1.0000000       9.3989899       0.1900800       0.1891997       0.1914381       0.1886430       0.1915169       0.0582070       0.0579236       0.0584907       0.0578587       0.0585554       0.0116315       0.0115123       0.0117709       0.0114773       0.0117856
      1.0000000       9.6333333       0.2040421       0.2031140       0.2054233       0.2025607       0.2055235       0.0609626       0.0606520       0.0612594       0.0605884       0.0613367       0.0118858       0.0117609       0.0120329       0.0117232       0.0120484
      1.0000000       9.8676768       0.2186570       0.2176821       0.2200570       0.2171293       0.2201847       0.0637777       0.0634438       0.0640944       0.0633748       0.0641805       0.0121393       0.0120087       0.0122943       0.0119681       0.0123105
      1.0000000      10.1020202       0.2339385       0.2329161       0.2353759       0.2323619       0.2355151       0.0666521       0.0662948       0.0669919       0.0662176       0.0670866       0.0123921       0.0122557       0.0125550       0.0122123       0.0125720
      1.0000000      10.3363636       0.2499005       0.2488299       0.2513742       0.2482716       0.2515295       0.0695856       0.0692041       0.0699556       0.0691167       0.0700546       0.0126442       0.0125019       0.0128150       0.0124556       0.0128329
      1.0000000      10.5707071       0.2665570       0.2654374       0.2680644       0.2648711       0.2682429       0.0725782       0.0721616       0.0729795       0.0720720       0.0730844       0.0128956       0.0127474       0.0130745       0.0126981       0.0130931
      1.0000000      10.8050505       0.2839216       0.2827497       0.2854601       0.2821731       0.2856701       0.0756296       0.0751757       0.0760637       0.0750834       0.0761759       0.0131464       0.0129922       0.0133333       0.0129399       0.0133528
      1.0000000      11.0393939       0.3020082       0.3007489       0.3035970       0.3001902       0.3038261       0.0787397       0.0782472       0.0792185       0.0781507       0.0793287       0.0133964       0.0132363       0.0135915       0.0131809       0.0136120
      1.0000000      11.2737374       0.3208304       0.3195207       0.3225005       0.3189349       0.3227259       0.0819083       0.0813740       0.0824338       0.0812739       0.0825427       0.0136459       0.0134797       0.0138487       0.0134211       0.0138706
      1.0000000      11.5080808       0.3404021       0.3390235       0.3421063       0.3384195       0.3423846       0.0851353       0.0845627       0.0857094       0.0844529       0.0858176       0.0138946       0.0137224       0.0141053       0.0136607       0.0141286
      1.0000000      11.7424242       0.3607367       0.3592748       0.3624571       0.3586565       0.3628170       0.0884205       0.0878068       0.0890452       0.0876875       0.0891535       0.0141428       0.0139645       0.0143614       0.0138995       0.0143861
      1.0000000      11.9767677       0.3818481       0.3803014       0.3836204       0.3796581       0.3840381       0.0917638       0.0911076       0.0924411       0.0909776       0.0925499       0.0143904       0.0142060       0.0146169       0.0141377       0.0146431
      1.0000000      12.2111111       0.4037497       0.4021019       0.4056302       0.4014369       0.4060626       0.0951650       0.0944649       0.0958969       0.0943231       0.0960069       0.0146374       0.0144468       0.0148719       0.0143752       0.0148995
      1.0000000      12.4454545       0.4264552       0.4246406       0.4284682       0.4240052       0.4289053       0.0986241       0.0978786       0.0994124       0.0977239       0.0995242       0.0148838       0.0146870       0.0151263       0.0146121       0.0151555
      1.0000000      12.6797980       0.4499781       0.4479866       0.4521310       0.4473755       0.4525806       0.1021408       0.1013485       0.1029877       0.1011799       0.1031017       0.0151296       0.0149266       0.0153803       0.0148483       0.0154109
      1.0000000      12.9141414       0.4743318       0.4721532       0.4766471       0.4715603       0.4771032       0.1057151       0.1048744       0.1066225       0.1046908       0.1067393       0.0153749       0.0151656       0.0156337       0.0150839       0.0156659
      1.0000000      13.1484848       0.4995298       0.4971534       0.5019661       0.4965724       0.5024872       0.1093468       0.1084563       0.1103168       0.1082568       0.1104368       0.0156196       0.0154040       0.0158866       0.0153188       0.0159204
      1.0000000      13.3828283       0.5255856       0.5230004       0.5281468       0.5224243       0.5287470       0.1130357       0.1120940       0.1140705       0.1118775       0.1141940       0.0158638       0.0156419       0.0161391       0.0155532       0.0161745
      1.0000000      13.6171717       0.5525126       0.5497074       0.5552028       0.5491287       0.5558966       0.1167819       0.1157874       0.1178833       0.1155529       0.1180109       0.0161075       0.0158793       0.0163910       0.0157870       0.0164281
      1.0000000      13.8515152       0.5803242       0.5773131       0.5831813       0.5766985       0.5839500       0.1205851       0.1195364       0.1217553       0.1192828       0.1218874       0.0163507       0.0161160       0.0166425       0.0160202       0.0166812
      1.0000000      14.0858586       0.6090337       0.6058191       0.6120891       0.6051463       0.6129211       0.1244452       0.1233408       0.1256863       0.1230672       0.1258233       0.0165934       0.0163523       0.0168936       0.0162529       0.0169339
      1.0000000      14.3202020       0.6386545       0.6352273       0.6419254       0.6344851       0.6428239       0.1283622       0.1272005       0.1296762       0.1269059       0.1298184       0.0168356       0.0165879       0.0171442       0.0164850       0.0171862
      1.0000000      14.5545455       0.6691998       0.6655507       0.6727304       0.6647274       0.6736722       0.1323358       0.1311153       0.1337249       0.1307988       0.1338728       0.0170773       0.0168225       0.0173943       0.0167166       0.0174381
      1.0000000      14.7888889       0.7006830       0.6967759       0.7044860       0.6958863       0.7054797       0.1363660       0.1350853       0.1378323       0.1347458       0.1379862       0.0173185       0.0170565       0.0176441       0.0169476       0.0176895
      1.0000000      15.0232323       0.7331172       0.7288827       0.7372050       0.7279743       0.7382601       0.1404528       0.1391102       0.1419983       0.1387468       0.1421587       0.0175593       0.0172901       0.0178934       0.0171781       0.0179405
      1.0000000      15.2575758       0.7665157       0.7619482       0.7708980       0.7610042       0.7720272       0.1445958       0.1431899       0.1462228       0.1428017       0.1463900       0.0177996       0.0175232       0.0181422       0.0174081       0.0181912
      1.0000000      15.4919192       0.8008918       0.7959753       0.8056650       0.7949889       0.8067947       0.1487952       0.1473243       0.1505057       0.1469103       0.1506800       0.0180395       0.0177558       0.0183907       0.0176376       0.0184414
      1.0000000      15.7262626       0.8362585       0.8309767       0.8414426       0.8299409       0.8425761       0.1530507       0.1515134       0.1548470       0.1510726       0.1550288       0.0182789       0.0179879       0.0186388       0.0178666       0.0186912
      1.0000000      15.9606061       0.8726290       0.8669485       0.8782443       0.8658729       0.8793851       0.1573622       0.1557569       0.1592464       0.1552884       0.1594361       0.0185179       0.0182196       0.0188864       0.0180951       0.0189407
      1.0000000      16.1949495       0.9100164       0.9039564       0.9160838       0.9027976       0.9172353       0.1617297       0.1600549       0.1637040       0.1595576       0.1639019       0.0187565       0.0184508       0.0191337       0.0183232       0.0191898
      1.0000000      16.4292929       0.9484340       0.9419750       0.9549747       0.9407276       0.9561403       0.1661531       0.1644071       0.1682197       0.1638801       0.1684261       0.0189946       0.0186816       0.0193806       0.0185507       0.0194385
      1.0000000      16.6636364       0.9878946       0.9810179       0.9949307       0.9796754       0.9961137       0.1706322       0.1688136       0.1727932       0.1682559       0.1730086       0.0192323       0.0189119       0.0196271       0.0187779       0.0196868
      1.0000000      16.8979798       1.0284114       1.0210999       1.0359652       1.0196537       1.0371691       0.1751670       0.1732741       0.1774247       0.1726848       0.1776493       0.0194697       0.0191417       0.0198733       0.0190045       0.0199348
      1.0000000      17.1323232       1.0699974       1.0622335       1.0780918       1.0606748       1.0793199       0.1797574       0.1777886       0.1821140       0.1771666       0.1823481       0.0197066       0.0193712       0.0201191       0.0192307       0.0201824
      1.0000000      17.3666667       1.1126656       1.1044313       1.1213241       1.1027515       1.1225798       0.1844032       0.1823570       0.1868609       0.1817014       0.1871049       0.0199431       0.0196002       0.0203645       0.0194565       0.0204297
      1.0000000      17.6010101       1.1564291       1.1477060       1.1656756       1.1458960       1.1669622       0.1891044       0.1869792       0.1916655       0.1862891       0.1919197       0.0201792       0.0198288       0.0206095       0.0196818       0.0206766
      1.0000000      17.8353535       1.2013007       1.1920702       1.2111597       1.1901208       1.2124806       0.1938609       0.1916551       0.1965275       0.1909294       0.1967924       0.0204150       0.0200570       0.0208542       0.0199067       0.0209232
      1.0000000      18.0696970       1.2472934       1.2375364       1.2577899       1.2354383       1.2591486       0.1986726       0.1963845       0.2014471       0.1956223       0.2017229       0.0206504       0.0202848       0.0210986       0.0201312       0.0211695
      1.0000000      18.3040404       1.2944202       1.2841172       1.3055798       1.2818609       1.3069796       0.2035394       0.2011675       0.2064240       0.2003678       0.2067111       0.0208854       0.0205122       0.0213426       0.0203553       0.0214154
      1.0000000      18.5383838       1.3426940       1.3318251       1.3545426       1.3294010       1.3559870       0.2084613       0.2060039       0.2114582       0.2051657       0.2117569       0.0211200       0.0207392       0.0215863       0.0205790       0.0216610
      1.0000000      18.7727273       1.3921276       1.3806727       1.4046919       1.3780709       1.4061843       0.2134381       0.2108937       0.2165482       0.2100159       0.2168602       0.0213543       0.0209659       0.0218297       0.0208022       0.0219063
      1.0000000      19.0070707       1.4427339       1.4306724       1.4560411       1.4278828       1.4575850       0.2184697       0.2158366       0.2216923       0.2149184       0.2220210       0.0215882       0.0211922       0.0220727       0.0210251       0.0221513
      1.0000000      19.2414141       1.4945258       1.4818366       1.5086034       1.4788491       1.5102025       0.2235562       0.2208328       0.2268933       0.2198731       0.2272393       0.0218218       0.0214181       0.0223154       0.0212476       0.0223960
      1.0000000      19.4757576       1.5475160       1.5341779       1.5623924       1.5309820       1.5640501       0.2286973       0.2258820       0.2321512       0.2248798       0.2325148       0.0220550       0.0216436       0.0225578       0.0214697       0.0226403
      1.0000000      19.7101010       1.6017174       1.5877087       1.6174212       1.5842937       1.6191412       0.2338930       0.2309841       0.2374658       0.2299384       0.2378476       0.0222879       0.0218687       0.0227999       0.0216914       0.0228844
      1.0000000      19.9444444       1.6571429       1.6424413       1.6737034       1.6387964       1.6754893       0.2391433       0.2361392       0.2428372       0.2350490       0.2432376       0.0225204       0.0220927       0.0230416       0.0219128       0.0231281
      1.0000000      20.1787879       1.7138050       1.6983882       1.7312521       1.6945024       1.7331077       0.2444480       0.2413471       0.2482651       0.2402114       0.2486847       0.0227527       0.0223163       0.0232831       0.0221337       0.0233716
      1.0000000      20.4131313       1.7717167       1.7555616       1.7900807       1.7514237       1.7920097       0.2498072       0.2466077       0.2537496       0.2454255       0.2541888       0.0229845       0.0225396       0.0235242       0.0223543       0.0236148
      1.0000000      20.6474747       1.8308906       1.8139741       1.8502024       1.8095726       1.8522086       0.2552206       0.2519210       0.2592906       0.2506912       0.2597499       0.0232161       0.0227625       0.0237651       0.0225746       0.0238576
      1.0000000      20.8818182       1.8913395       1.8736378       1.9116306       1.8689611       1.9137179       0.2606882       0.2572868       0.2648880       0.2560085       0.2653679       0.0234474       0.0229851       0.0240057       0.0227945       0.0241002
      1.0000000      21.1161616       1.9530760       1.9345651       1.9743784       1.9296013       1.9765507       0.2662100       0.2627051       0.2705417       0.2613773       0.2710427       0.0236783       0.0232073       0.0242459       0.0230140       0.0243425
      1.0000000      21.3505051       2.0161128       1.9967683       2.0384592       1.9915053       2.0407204       0.2717859       0.2681759       0.2762517       0.2667974       0.2767743       0.0239089       0.0234292       0.0244859       0.0232332       0.0245846
      1.0000000      21.5848485       2.0804627       2.0602597       2.1038860       2.0546852       2.1062402       0.2774158       0.2736990       0.2820179       0.2722689       0.2825626       0.0241392       0.0236507       0.0247256       0.0234521       0.0248263
      1.0000000      21.8191919       2.1461382       2.1250515       2.1706722       2.1191529       2.1731234       0.2830996       0.2792743       0.2878403       0.2777916       0.2884076       0.0243692       0.0238719       0.0249651       0.0236706       0.0250678
      1.0000000      22.0535354       2.2131519       2.1911560       2.2388309       2.1849206       2.2413833       0.2888373       0.2849018       0.2937187       0.2833654       0.2943091       0.0245989       0.0240928       0.0252042       0.0238888       0.0253090
      1.0000000      22.2878788       2.2815166       2.2585854       2.3083752       2.2520001       2.3110331       0.2946287       0.2905815       0.2996531       0.2889904       0.3002671       0.0248283       0.0243134       0.0254431       0.0241066       0.0255500
      1.0000000      22.5222222       2.3512448       2.3273518       2.3793184       2.3204036       2.3820860       0.3004739       0.2963132       0.3056435       0.2946663       0.3062816       0.0250574       0.0245336       0.0256817       0.0243242       0.0257907
      1.0000000      22.7565657       2.4223490       2.3974675       2.4516735       2.3901428       2.4545552       0.3063728       0.3020968       0.3116898       0.3003932       0.3123524       0.0252862       0.0247535       0.0259200       0.0245414       0.0260311
      1.0000000      22.9909091       2.4948419       2.4689447       2.5254538       2.4612299       2.5284538       0.3123253       0.3079324       0.3177919       0.3061709       0.3184796       0.0255148       0.0249732       0.0261581       0.0247583       0.0262713
      1.0000000      23.2252525       2.5687359       2.5417954       2.6006723       2.5336766       2.6037952       0.3183312       0.3138198       0.3239497       0.3119994       0.3246631       0.0257430       0.0251925       0.0263959       0.0249748       0.0265112
      1.0000000      23.4595960       2.6440437       2.6160319       2.6773421       2.6074949       2.6805925       0.3243906       0.3197589       0.3301633       0.3178786       0.3309027       0.0259710       0.0254115       0.0266335       0.0251911       0.0267509
      1.0000000      23.6939394       2.7207777       2.6916663       2.7554763       2.6826967       2.7588587       0.3305035       0.3257498       0.3364325       0.3238084       0.3371985       0.0261987       0.0256302       0.0268708       0.0254071       0.0269903
      1.0000000      23.9282828       2.7989505       2.7687106       2.8350879       2.7592939       2.8386071       0.3366696       0.3317922       0.3427573       0.3297888       0.3435504       0.0264261       0.0258486       0.0271078       0.0256227       0.0272295
      1.0000000      24.1626263       2.8785745       2.8471770       2.9161901       2.8372983       2.9198507       0.3428890       0.3378862       0.3491376       0.3358197       0.3499583       0.0266532       0.0260667       0.0273446       0.0258381       0.0274684
      1.0000000      24.3969697       2.9596622       2.9270775       2.9987959       2.9167217       3.0026027       0.3491616       0.3440311       0.3555733       0.3419010       0.3564222       0.0268801       0.0262845       0.0275812       0.0260531       0.0277071
      1.0000000      24.6313131       3.0422261       3.0084242       3.0829183       2.9975760       3.0868762       0.3554873       0.3502202       0.3620645       0.3480327       0.3629420       0.0271067       0.0265021       0.0278175       0.0262679       0.0279456
      1.0000000      24.8656566       3.1262786       3.0912291       3.1685703       3.0798729       3.1726843       0.3618662       0.3564604       0.3686110       0.3542147       0.3695176       0.0273331       0.0267193       0.0280536       0.0264824       0.0281838
      1.0000000      25.1000000       3.2118322       3.1755042       3.2557649       3.1636243       3.2600401       0.3682980       0.3627516       0.3752128       0.3604469       0.3761491       0.0275592       0.0269363       0.0282894       0.0266966       0.0284218
      2.0000000       1.9000000      -1.0000000      -1.0000000      -1.0000000      -1.0000000      -1.0000000      -1.0000000      -1.0000000      -1.0000000      -1.0000000      -1.0000000      -1.0000000      -1.0000000      -1.0000000      -1.0000000      -1.0000000
      2.0000000       2.1343434      -1.0000000      -1.0000000      -1.0000000      -1.0000000      -1.0000000      -1.0000000      -1.0000000      -1.0000000      -1.0000000      -1.0000000      -1.0000000      -1.0000000      -1.0000000      -1.0000000      -1.0000000
      2.0000000       2.3686869      -1.0000000      -1.0000000      -1.0000000      -1.0000000      -1.0000000      -1.0000000      -1.0000000      -1.0000000      -1.0000000      -1.0000000      -1.0000000      -1.0000000      -1.0000000      -1.0000000      -1.0000000
      2.0000000       2.6030303       0.0049229       0.0048199       0.0050667       0.0047810       0.0050647       0.0054046       0.0053191       0.0055264       0.0052837       0.0055254       0.0038571       0.0038234       0.0039047       0.0038083       0.0039059
      2.0000000       2.8373737       0.0062980       0.0061741       0.0064717       0.0061266       0.0064695       0.0063432       0.0062510       0.0064758       0.0062114       0.0064750       0.0041531       0.0041214       0.0041976       0.0041066       0.0041996
      2.0000000       3.0717172       0.0079012       0.0077550       0.0081072       0.0076977       0.0081047       0.0073508       0.0072522       0.0074935       0.0072086       0.0074929       0.0044456       0.0044162       0.0044875       0.0044017       0.0044895
      2.0000000       3.3060606       0.0097486       0.0095787       0.0099891       0.0095107       0.0099865       0.0084265       0.0083214       0.0085784       0.0082748       0.0085783       0.0047350       0.0047065       0.0047743       0.0046938       0.0047761
      2.0000000       3.5404040       0.0118559       0.0116612       0.0121330       0.0115815       0.0121303       0.0095698       0.0094586       0.0097299       0.0094092       0.0097303       0.0050214       0.0049940       0.0050578       0.0049830       0.0050599
      2.0000000       3.7747475       0.0142390       0.0140186       0.0145545       0.0139262       0.0145519       0.0107798       0.0106633       0.0109471       0.0106113       0.0109483       0.0053052       0.0052789       0.0053391       0.0052694       0.0053411
      2.0000000       4.0090909       0.0169135       0.0166667       0.0172689       0.0165605       0.0172664       0.0120561       0.0119349       0.0122295       0.0118805       0.0122316       0.0055865       0.0055600       0.0056164       0.0055529       0.0056201
      2.0000000       4.2434343       0.0198947       0.0196211       0.0202913       0.0195000       0.0202893       0.0133980       0.0132730       0.0135764       0.0132162       0.0135797       0.0058654       0.0058388       0.0058946       0.0058336       0.0058973
      2.0000000       4.4777778       0.0231980       0.0228950       0.0236369       0.0227605       0.0236355       0.0148050       0.0146769       0.0149872       0.0146180       0.0149919       0.0061422       0.0061155       0.0061707       0.0061114       0.0061730
      2.0000000       4.7121212       0.0268386       0.0265054       0.0273206       0.0263572       0.0273200       0.0162766       0.0161463       0.0164614       0.0160853       0.0164678       0.0064169       0.0063902       0.0064447       0.0063862       0.0064477
      2.0000000       4.9464646       0.0308316       0.0304677       0.0313571       0.0303055       0.0313577       0.0178123       0.0176807       0.0179983       0.0176177       0.0180070       0.0066897       0.0066630       0.0067172       0.0066579       0.0067214
      2.0000000       5.1808081       0.0351920       0.0347971       0.0357610       0.0346207       0.0357633       0.0194118       0.0192798       0.0195998       0.0192147       0.0196089       0.0069606       0.0069338       0.0069869       0.0069268       0.0069945
      2.0000000       5.4151515       0.0399346       0.0395089       0.0405471       0.0393178       0.0405514       0.0210745       0.0209404       0.0212646       0.0208757       0.0212734       0.0072298       0.0071987       0.0072580       0.0071929       0.0072667
      2.0000000       5.6494949       0.0450743       0.0446179       0.0457296       0.0444120       0.0457366       0.0228002       0.0226627       0.0229912       0.0226005       0.0229999       0.0074974       0.0074618       0.0075292       0.0074565       0.0075382
      2.0000000       5.8838384       0.0506256       0.0501391       0.0513230       0.0499181       0.0513332       0.0245883       0.0244481       0.0247788       0.0243884       0.0247883       0.0077633       0.0077228       0.0077993       0.0077179       0.0078088
      2.0000000       6.1181818       0.0566034       0.0560873       0.0573415       0.0558509       0.0573558       0.0264386       0.0262961       0.0266276       0.0262389       0.0266384       0.0080278       0.0079817       0.0080681       0.0079772       0.0080784
      2.0000000       6.3525253       0.0630219       0.0624773       0.0637993       0.0622254       0.0638185       0.0283508       0.0282068       0.0285413       0.0281517       0.0285499       0.0082908       0.0082385       0.0083358       0.0082345       0.0083471
      2.0000000       6.5868687       0.0698958       0.0693239       0.0707104       0.0690560       0.0707356       0.0303243       0.0301759       0.0305099       0.0301260       0.0305227       0.0085525       0.0084930       0.0086022       0.0084902       0.0086148
      2.0000000       6.8212121       0.0772393       0.0766415       0.0780889       0.0763574       0.0781212       0.0323591       0.0322047       0.0325376       0.0321613       0.0325569       0.0088128       0.0087461       0.0088674       0.0087442       0.0088815
      2.0000000       7.0555556       0.0850668       0.0844449       0.0859487       0.0841441       0.0859896       0.0344547       0.0342946       0.0346326       0.0342571       0.0346523       0.0090719       0.0089990       0.0091314       0.0089966       0.0091471
      2.0000000       7.2898990       0.0933925       0.0927484       0.0943105       0.0924304       0.0943547       0.0366109       0.0364450       0.0367926       0.0364125       0.0368092       0.0093297       0.0092504       0.0093942       0.0092476       0.0094118
      2.0000000       7.5242424       0.1022306       0.1015630       0.1031865       0.1012305       0.1032306       0.0388273       0.0386559       0.0390125       0.0386269       0.0390277       0.0095864       0.0095005       0.0096560       0.0094972       0.0096755
      2.0000000       7.7585859       0.1115951       0.1108937       0.1125867       0.1105588       0.1126313       0.0411038       0.0409269       0.0412921       0.0408997       0.0413079       0.0098419       0.0097494       0.0099166       0.0097455       0.0099383
      2.0000000       7.9929293       0.1215000       0.1207654       0.1225250       0.1204292       0.1225708       0.0434400       0.0432577       0.0436310       0.0432300       0.0436500       0.0100963       0.0099971       0.0101763       0.0099925       0.0102001
      2.0000000       8.2272727       0.1319595       0.1311921       0.1330139       0.1308558       0.1330632       0.0458357       0.0456482       0.0460288       0.0456173       0.0460541       0.0103497       0.0102435       0.0104349       0.0102383       0.0104611
      2.0000000       8.4616162       0.1429873       0.1421880       0.1440672       0.1418522       0.1441223       0.0482907       0.0480982       0.0484900       0.0480611       0.0485203       0.0106021       0.0104880       0.0106934       0.0104830       0.0107211
      2.0000000       8.6959596       0.1545973       0.1537669       0.1557008       0.1534322       0.1557624       0.0508047       0.0506129       0.0510044       0.0505608       0.0510486       0.0108534       0.0107315       0.0109510       0.0107265       0.0109803
      2.0000000       8.9303030       0.1668033       0.1659444       0.1679502       0.1656094       0.1679973       0.0533775       0.0531685       0.0535796       0.0531162       0.0536388       0.0111038       0.0109740       0.0112077       0.0109690       0.0112386
      2.0000000       9.1646465       0.1796192       0.1787270       0.1807807       0.1783970       0.1808414       0.0560088       0.0557760       0.0562243       0.0557269       0.0562907       0.0113533       0.0112154       0.0114635       0.0112104       0.0114962
      2.0000000       9.3989899       0.1930585       0.1921172       0.1942255       0.1918083       0.1943087       0.0586985       0.0584389       0.0589326       0.0583929       0.0590042       0.0116018       0.0114559       0.0117185       0.0114507       0.0117529
      2.0000000       9.6333333       0.2071350       0.2061435       0.2082990       0.2058563       0.2084136       0.0614464       0.0611586       0.0617054       0.0611139       0.0617788       0.0118495       0.0116954       0.0119727       0.0116901       0.0120088
      2.0000000       9.8676768       0.2218621       0.2208195       0.2230284       0.2205538       0.2231705       0.0642522       0.0639350       0.0645380       0.0638899       0.0646144       0.0120963       0.0119339       0.0122261       0.0119286       0.0122640
      2.0000000      10.1020202       0.2372536       0.2361588       0.2384665       0.2359133       0.2385939       0.0671157       0.0667646       0.0674295       0.0667207       0.0675107       0.0123423       0.0121716       0.0124787       0.0121661       0.0125185
      2.0000000      10.3363636       0.2533229       0.2521749       0.2545822       0.2519473       0.2546984       0.0700368       0.0696492       0.0703798       0.0696063       0.0704672       0.0125875       0.0124085       0.0127305       0.0124027       0.0127722
      2.0000000      10.5707071       0.2700834       0.2688814       0.2713889       0.2686680       0.2714988       0.0730152       0.0725896       0.0733895       0.0725465       0.0734839       0.0128318       0.0126444       0.0129817       0.0126385       0.0130252
      2.0000000      10.8050505       0.2875486       0.2862917       0.2888998       0.2860872       0.2890100       0.0760508       0.0755855       0.0764587       0.0755413       0.0765604       0.0130755       0.0128796       0.0132321       0.0128733       0.0132776
      2.0000000      11.0393939       0.3057319       0.3044192       0.3071282       0.3042170       0.3072467       0.0791434       0.0786279       0.0795864       0.0785904       0.0796965       0.0133183       0.0131140       0.0134818       0.0131074       0.0135292
      2.0000000      11.2737374       0.3246465       0.3232774       0.3260873       0.3230691       0.3262240       0.0822929       0.0817258       0.0827722       0.0816939       0.0828919       0.0135605       0.0133475       0.0137308       0.0133407       0.0137802
      2.0000000      11.5080808       0.3443059       0.3428794       0.3457887       0.3426552       0.3459566       0.0854990       0.0848783       0.0860160       0.0848515       0.0861465       0.0138019       0.0135803       0.0139792       0.0135731       0.0140306
      2.0000000      11.7424242       0.3647232       0.3632388       0.3662467       0.3629871       0.3664593       0.0887616       0.0880859       0.0893178       0.0880632       0.0894600       0.0140426       0.0138123       0.0142269       0.0138048       0.0142803
      2.0000000      11.9767677       0.3859117       0.3843686       0.3875130       0.3840766       0.3877467       0.0920805       0.0913551       0.0926773       0.0913287       0.0928323       0.0142826       0.0140436       0.0144740       0.0140358       0.0145295
      2.0000000      12.2111111       0.4078845       0.4063136       0.4095200       0.4059357       0.4098334       0.0954556       0.0946782       0.0960943       0.0946480       0.0962632       0.0145220       0.0142742       0.0147204       0.0142660       0.0147780
      2.0000000      12.4454545       0.4306548       0.4290594       0.4323225       0.4285763       0.4327334       0.0988867       0.0980542       0.0995688       0.0980210       0.0997525       0.0147607       0.0145040       0.0149663       0.0144955       0.0150259
      2.0000000      12.6797980       0.4542358       0.4524584       0.4559570       0.4520106       0.4564610       0.1023737       0.1014843       0.1031006       0.1014474       0.1033000       0.0149988       0.0147332       0.0152116       0.0147243       0.0152733
      2.0000000      12.9141414       0.4786404       0.4766894       0.4804650       0.4762510       0.4810299       0.1059164       0.1049682       0.1066895       0.1049272       0.1069056       0.0152362       0.0149617       0.0154562       0.0149524       0.0155201
      2.0000000      13.1484848       0.5038818       0.5017322       0.5058568       0.5013097       0.5064538       0.1095147       0.1085058       0.1103354       0.1084602       0.1105692       0.0154731       0.0151895       0.0157003       0.0151798       0.0157663
      2.0000000      13.3828283       0.5299728       0.5276131       0.5321024       0.5271993       0.5327463       0.1131684       0.1120969       0.1140383       0.1120462       0.1142906       0.0157093       0.0154167       0.0159439       0.0154066       0.0160120
      2.0000000      13.6171717       0.5569266       0.5543448       0.5592581       0.5539323       0.5599209       0.1168774       0.1157415       0.1177978       0.1156852       0.1180696       0.0159450       0.0156433       0.0161869       0.0156328       0.0162572
      2.0000000      13.8515152       0.5847560       0.5819400       0.5873006       0.5815211       0.5879910       0.1206415       0.1194394       0.1216140       0.1193770       0.1219061       0.0161800       0.0158692       0.0164293       0.0158583       0.0165018
      2.0000000      14.0858586       0.6134740       0.6104111       0.6162431       0.6099783       0.6169697       0.1244607       0.1231900       0.1254872       0.1231214       0.1258000       0.0164145       0.0160945       0.0166713       0.0160832       0.0167459
      2.0000000      14.3202020       0.6430934       0.6397443       0.6460990       0.6393164       0.6468704       0.1283348       0.1269877       0.1294223       0.1269184       0.1297512       0.0166485       0.0163192       0.0169127       0.0163075       0.0169895
      2.0000000      14.5545455       0.6736271       0.6699748       0.6768812       0.6695479       0.6777063       0.1322636       0.1308379       0.1334139       0.1307677       0.1337595       0.0168819       0.0165434       0.0171536       0.0165312       0.0172327
      2.0000000      14.7888889       0.7050879       0.7011166       0.7086031       0.7006852       0.7094906       0.1362471       0.1347406       0.1374619       0.1346693       0.1378248       0.0171148       0.0167669       0.0173940       0.0167543       0.0174753
      2.0000000      15.0232323       0.7374886       0.7331820       0.7412875       0.7327408       0.7422364       0.1402850       0.1386956       0.1415662       0.1386231       0.1419470       0.0173471       0.0169899       0.0176339       0.0169768       0.0177175
      2.0000000      15.2575758       0.7708419       0.7661833       0.7749420       0.7657270       0.7759568       0.1443774       0.1427027       0.1457267       0.1426289       0.1461259       0.0175790       0.0172124       0.0178733       0.0171988       0.0179592
      2.0000000      15.4919192       0.8051606       0.8000985       0.8095763       0.7996562       0.8106650       0.1485240       0.1467619       0.1499432       0.1466865       0.1503616       0.0178103       0.0174343       0.0181123       0.0174202       0.0182004
      2.0000000      15.7262626       0.8404574       0.8349419       0.8452035       0.8345407       0.8463742       0.1527248       0.1508731       0.1542156       0.1507959       0.1546537       0.0180411       0.0176557       0.0183508       0.0176411       0.0184412
      2.0000000      15.9606061       0.8767450       0.8707588       0.8818366       0.8703927       0.8830973       0.1569796       0.1550360       0.1585439       0.1549570       0.1590023       0.0182715       0.0178765       0.0185889       0.0178614       0.0186815
      2.0000000      16.1949495       0.9140359       0.9075563       0.9194887       0.9072244       0.9208474       0.1612884       0.1592506       0.1629280       0.1591696       0.1634072       0.0185013       0.0180968       0.0188265       0.0180813       0.0189214
      2.0000000      16.4292929       0.9523429       0.9453466       0.9581727       0.9450480       0.9596378       0.1656509       0.1635167       0.1673676       0.1634335       0.1678683       0.0187307       0.0183166       0.0190636       0.0183006       0.0191609
      2.0000000      16.6636364       0.9916785       0.9841417       0.9979015       0.9838758       0.9994813       0.1700672       0.1678343       0.1718628       0.1677488       0.1723856       0.0189597       0.0185359       0.0193003       0.0185194       0.0193999
      2.0000000      16.8979798       1.0320554       1.0240156       1.0386881       1.0237196       1.0403911       0.1745371       0.1722031       0.1764134       0.1721152       0.1769589       0.0191881       0.0187548       0.0195366       0.0187377       0.0196386
      2.0000000      17.1323232       1.0734859       1.0649243       1.0805455       1.0645918       1.0823801       0.1790604       0.1766232       0.1810193       0.1765327       0.1815880       0.0194162       0.0189731       0.0197725       0.0189555       0.0198768
      2.0000000      17.3666667       1.1159828       1.1068721       1.1234864       1.1065041       1.1254614       0.1836371       0.1810946       0.1856804       0.1810012       0.1862730       0.0196437       0.0191910       0.0200079       0.0191729       0.0201146
      2.0000000      17.6010101       1.1595584       1.1498673       1.1675238       1.1494687       1.1696480       0.1882671       0.1856173       0.1903967       0.1855205       0.1910138       0.0198709       0.0194084       0.0202430       0.0193897       0.0203520
      2.0000000      17.8353535       1.2042253       1.1939306       1.2126705       1.1934976       1.2149529       0.1929503       0.1901910       0.1951680       0.1900905       0.1958101       0.0200976       0.0196253       0.0204776       0.0196061       0.0205890
      2.0000000      18.0696970       1.2499958       1.2390741       1.2589392       1.2386026       1.2613890       0.1976865       0.1948154       0.1999943       0.1947111       0.2006620       0.0203239       0.0198418       0.0207119       0.0198221       0.0208256
      2.0000000      18.3040404       1.2968825       1.2853097       1.3063429       1.2847957       1.3089693       0.2024758       0.1994905       0.2048754       0.1993823       0.2055693       0.0205497       0.0200578       0.0209457       0.0200376       0.0210619
      2.0000000      18.5383838       1.3448977       1.3326492       1.3548943       1.3320886       1.3577067       0.2073179       0.2042162       0.2098112       0.2041038       0.2105320       0.0207752       0.0202734       0.0211792       0.0202526       0.0212978
      2.0000000      18.7727273       1.3940538       1.3811047       1.4046061       1.3804934       1.4076142       0.2122128       0.2089923       0.2148018       0.2088757       0.2155499       0.0210002       0.0204885       0.0214123       0.0204672       0.0215333
      2.0000000      19.0070707       1.4443632       1.4306880       1.4554911       1.4300218       1.4587045       0.2171604       0.2138189       0.2198469       0.2136978       0.2206230       0.0212249       0.0207033       0.0216450       0.0206814       0.0217684
      2.0000000      19.2414141       1.4958381       1.4814110       1.5075619       1.4806856       1.5109907       0.2221606       0.2186957       0.2249465       0.2185700       0.2257512       0.0214491       0.0209176       0.0218773       0.0208951       0.0220032
      2.0000000      19.4757576       1.5484910       1.5332855       1.5608312       1.5324965       1.5644856       0.2272133       0.2236226       0.2301005       0.2234922       0.2309344       0.0216730       0.0211314       0.0221093       0.0211084       0.0222376
      2.0000000      19.7101010       1.6023341       1.5863232       1.6153118       1.5854663       1.6192019       0.2323184       0.2285997       0.2353088       0.2284644       0.2361725       0.0218965       0.0213449       0.0223410       0.0213213       0.0224717
      2.0000000      19.9444444       1.6573797       1.6405361       1.6710190       1.6396067       1.6751527       0.2374759       0.2336267       0.2405713       0.2334863       0.2414654       0.0221196       0.0215580       0.0225722       0.0215338       0.0227054
      2.0000000      20.1787879       1.7136400       1.6958928       1.7280172       1.6949294       1.7323506       0.2426856       0.2387036       0.2458881       0.2385580       0.2468131       0.0223423       0.0217707       0.0228032       0.0217459       0.0229388
      2.0000000      20.4131313       1.7711273       1.7524289       1.7862677       1.7514461       1.7908085       0.2479474       0.2438303       0.2512589       0.2436793       0.2522155       0.0225647       0.0219829       0.0230337       0.0219576       0.0231718
      2.0000000      20.6474747       1.8298538       1.8101721       1.8457832       1.8091684       1.8505392       0.2532613       0.2490067       0.2566836       0.2488502       0.2576725       0.0227867       0.0221948       0.0232640       0.0221689       0.0234045
      2.0000000      20.8818182       1.8898316       1.8691340       1.9065762       1.8681079       1.9115553       0.2586272       0.2542327       0.2621623       0.2540705       0.2631840       0.0230084       0.0224063       0.0234939       0.0223798       0.0236369
      2.0000000      21.1161616       1.9510730       1.9293261       1.9686594       1.9282762       1.9738698       0.2640450       0.2595082       0.2676949       0.2593402       0.2687499       0.0232297       0.0226175       0.0237234       0.0225904       0.0238690
      2.0000000      21.3505051       2.0135901       1.9907601       2.0320455       1.9896850       2.0374952       0.2695146       0.2648332       0.2732812       0.2646591       0.2743702       0.0234506       0.0228282       0.0239527       0.0228005       0.0241007
      2.0000000      21.5848485       2.0773950       2.0534475       2.0967469       2.0523457       2.1024444       0.2750360       0.2702075       0.2789212       0.2700272       0.2800447       0.0236712       0.0230386       0.0241816       0.0230103       0.0243321
      2.0000000      21.8191919       2.1424999       2.1173998       2.1627764       2.1162698       2.1687300       0.2806090       0.2756310       0.2846148       0.2754445       0.2857735       0.0238915       0.0232486       0.0244102       0.0232197       0.0245632
      2.0000000      22.0535354       2.2089168       2.1826287       2.2301463       2.1814690       2.2363646       0.2862336       0.2811038       0.2903619       0.2809107       0.2915564       0.0241114       0.0234583       0.0246385       0.0234288       0.0247940
      2.0000000      22.2878788       2.2766578       2.2491456       2.2988694       2.2479546       2.3053611       0.2919097       0.2866256       0.2961625       0.2864259       0.2973934       0.0243310       0.0236676       0.0248665       0.0236374       0.0250245
      2.0000000      22.5222222       2.3457350       2.3169620       2.3689580       2.3157382       2.3757319       0.2976372       0.2921964       0.3020164       0.2919899       0.3032844       0.0245502       0.0238766       0.0250941       0.0238458       0.0252547
      2.0000000      22.7565657       2.4161605       2.3860893       2.4404247       2.3848311       2.4474898       0.3034160       0.2978162       0.3079237       0.2976027       0.3092293       0.0247692       0.0240852       0.0253215       0.0240538       0.0254846
      2.0000000      22.9909091       2.4879461       2.4565391       2.5132819       2.4552449       2.5206474       0.3092461       0.3034848       0.3138843       0.3032642       0.3152281       0.0249878       0.0242934       0.0255485       0.0242614       0.0257142
      2.0000000      23.2252525       2.5611041       2.5283227       2.5875422       2.5269910       2.5952172       0.3151274       0.3092022       0.3198980       0.3089742       0.3212806       0.0252061       0.0245014       0.0257753       0.0244687       0.0259435
      2.0000000      23.4595960       2.6356462       2.6014516       2.6632181       2.6000806       2.6712119       0.3210599       0.3149682       0.3259648       0.3147328       0.3273869       0.0254241       0.0247090       0.0260018       0.0246757       0.0261725
      2.0000000      23.6939394       2.7115846       2.6759371       2.7403218       2.6745252       2.7486440       0.3270433       0.3207829       0.3320846       0.3205399       0.3335468       0.0256418       0.0249162       0.0262279       0.0248823       0.0264013
      2.0000000      23.9282828       2.7889311       2.7517907       2.8188659       2.7503362       2.8275260       0.3330778       0.3266461       0.3382574       0.3263953       0.3397603       0.0258591       0.0251232       0.0264538       0.0250886       0.0266297
      2.0000000      24.1626263       2.8676978       2.8290236       2.8988627       2.8275249       2.9078707       0.3391632       0.3325578       0.3444832       0.3322990       0.3460273       0.0260762       0.0253295       0.0266794       0.0252945       0.0268579
      2.0000000      24.3969697       2.9478964       2.9076473       2.9803248       2.9061025       2.9896903       0.3452994       0.3385178       0.3507617       0.3382509       0.3523478       0.0262930       0.0255355       0.0269047       0.0255002       0.0270858
      2.0000000      24.6313131       3.0295390       2.9876740       3.0632643       2.9860805       3.0729975       0.3514863       0.3445262       0.3570930       0.3442510       0.3587216       0.0265095       0.0257412       0.0271298       0.0257055       0.0273134
      2.0000000      24.8656566      -1.0000000      -1.0000000      -1.0000000      -1.0000000      -1.0000000      -1.0000000      -1.0000000      -1.0000000      -1.0000000      -1.0000000      -1.0000000      -1.0000000      -1.0000000      -1.0000000      -1.0000000
      2.0000000      25.1000000      -1.0000000      -1.0000000      -1.0000000      -1.0000000      -1.0000000      -1.0000000      -1.0000000      -1.0000000      -1.0000000      -1.0000000      -1.0000000      -1.0000000      -1.0000000      -1.0000000      -1.0000000
